
strategic_region={
	id=6
	name="STRATEGICREGION_6"
	provinces={
		6 8 28 30 38 43 44 45 48 52 53 76 77 81 82 88 94 114 121 123 124 126 128 147 152 155 161 163 168 170 176 180 182 187 198 201 207 223 226 230 233 235 239 241 245 254 255 262 264 269 271 273 278 280 285 292 294 299 302 311 319 321 322 324 325 327 332 337 346 353 354 364 367 379 382 384 387 388 391 397 399 403 404 406 417 420 421 426 427 432 436 441 443 445 450 452 458 464 465 468 469 471 474 475 476 480 493 498 500 502 516 523 525 527 530 532 534 554 555 557 558 560 562 564 566 567 570 579 582 599 606 607 612 614 615 619 621 629 630 631 
	}
	weather={
	}
}
